+-------+-------+-------+-------+-------+-------+-------+
|       | 1.txt | 2.txt | 3.txt | 4.txt | 5.txt | 6.txt |
+-------+-------+-------+-------+-------+-------+-------+
| 1.txt | 0.0   | 22.0  | 67.0  | 77.0  | 15.0  | 22.0  |
| 2.txt | 22.0  | 0.0   | 43.0  | 33.0  | 67.0  | 100.0 |
| 3.txt | 67.0  | 43.0  | 0.0   | 89.0  | 33.0  | 43.0  |
| 4.txt | 77.0  | 33.0  | 89.0  | 0.0   | 25.0  | 33.0  |
| 5.txt | 15.0  | 67.0  | 33.0  | 25.0  | 0.0   | 67.0  |
| 6.txt | 22.0  | 100.0 | 43.0  | 33.0  | 67.0  | 0.0   |
+-------+-------+-------+-------+-------+-------+-------+